Degré de Pn: 6
Pn : 2.1000000000000001 + 3.0000000000000000*X + -2.5000000000000000*X^{2} + 0.0000000000000000*X^{3} + 0.0000000000000000*X^{4} + 1.0000000000000000*X^{5} + -4.0000000000000000*X^{6}
res = -5859.3999999999996362
